trainLoss,valiLoss,accuracy
2.1922,2.1869,0.2649
2.0786,2.0650,0.3937
1.8676,2.20,0.2498
1.7669,1.9656,0.4936
1.7053,1.7048,0.7564
1.6676,1.6867,0.7732
1.6525,1.6890,0.7725
1.6443,1.6577,0.8033
1.6401,1.6766,0.7840
1.5990,1.6863,0.7759
1.5792,1.6044,0.8573
1.5733,1.6342,0.8272
1.5714,1.6095,0.8515
1.5649,1.5902,0.8705
1.5648,1.5939,0.8678
1.5540,1.5385,0.9155
1.5297,1.5555,0.9066
1.5245,1.5308,0.9307
1.5232,1.5479,0.9140
1.5220,1.5533,1.9085
1.5184,1.5415,0.9200
1.5189,1.6302,0.8307
1.5175,1.6681,0.7951
1.5165,1.6143,0.8466
1.5153,1.5287,0.9328
1.5120,1.5304,0.9306
1.5118,1.6169,0.8442
1.5096,1.5419,0.7241
1.5089,1.5283,0.9329
1.5086,1.5399,1.9216
1.5095,1.5233,0.9384
1.5055,1.5303,0.9308
1.5060,1.5339,0.9274
1.5084,1.5221,1.9393
1.5058,1.5330,0.9276
1.5045,1.6513,0.8100
1.5042,1.5203,0.9406
1.5025,1.5400,0.9219
1.5030,1.5191,0.9419
1.5040,1.5578,0.9041
1.5035,1.5333,0.9290
1.5014,1.5199,0.9406
1.4867,1.6651,0.7966
1.4835,1.5047,0.9570
1.4836,1.4835,1.5578
1.4834,1.5170,1.9446
1.4833,1.5170,0.9446
1.4812,1.5170,0.9444
1.4801,1.5064,0.9544
1.4805,1.5085,0.9539
1.4802,1.5069,0.9545
1.4793,1.4998,0.9621
1.4778,1.5201,0.9410
1.4796,1.5149,0.9463
1.4800,1.5015,0.9599
1.4796,1.5033,0.9581
1.4784,1.4984,0.9632
1.4794,1.5171,0.9444
1.4774,1.4999,0.9613
1.4775,1.5044,0.9569
1.4773,1.5057,0.9558
1.4774,1.4969,0.9644
1.4767,1.4963,0.9650
1.4768,1.4767,1.4989
1.4765,1.4967,0.9650
1.4772,1.5084,0.9528
1.4772,1.5005,0.9609
1.4779,1.5021,0.9590
1.4769,1.4984,0.9631
1.4770,1.5079,0.9533
1.4753,1.4947,0.9663
1.4748,1.4976,0.9634
1.4759,1.5228,0.9387
1.4762,1.4991,0.9617
1.4758,0.8650,0.9640
1.4755,1.5051,0.9563
1.4757,1.4977,0.9637
1.4758,1.4974,0.9633
1.4752,1.4953,0.9663
1.4755,1.4979,0.9630
1.4752,1.4967,0.9650
1.4745,1.4983,0.9627
1.4742,1.4974,0.9636
1.4740,1.4979,0.9627
1.4747,1.4981,0.9634
1.4737,1.4962,0.9654
1.4739,1.5014,0.9596
1.4740,1.5008,0.9601
1.4752,1.4996,0.9614
1.4741,1.4946,0.9666
1.4736,1.4948,0.9667
1.4732,1.4964,0.9648
1.4715,1.4953,0.9672
1.4680,1.5032,0.9594
1.4666,1.4919,0.9700
1.4675,1.4906,0.9714
1.4666,1.4905,0.9709
